0 1 792 10000000000
1 1 792 15200
2 1 792 15200
3 1 792 15200
4 1 792 15200
5 1 792 15200
6 1 792 15200
7 1 792 15200
8 1 792 15200
9 1 792 15200
10 1 792 15200
11 1 792 15200
12 1 792 15200
13 1 792 15200
14 1 792 15200
15 1 792 15200
16 1 792 15200
17 1 792 15200
18 1 792 15200
19 1 792 15200
20 1 792 10000000000
21 1 792 12532
22 1 792 12532
23 1 792 12532
24 1 792 12532
25 1 792 12532
26 1 792 12532
27 1 792 12532
28 1 792 12532
29 1 792 12532
30 1 792 12532
31 1 792 12532
32 1 792 12532
33 1 792 12532
34 1 792 12532
35 1 792 12532
36 1 792 12532
37 1 792 12532
38 1 792 12532
39 1 792 12532
40 1 792 10000000000
41 1 792 10628
42 1 792 10628
43 1 792 10628
44 1 792 10628
45 1 792 10628
46 1 792 10628
47 1 792 10628
48 1 792 10628
49 1 792 10628
50 1 792 10628
51 1 792 10628
52 1 792 10628
53 1 792 10628
54 1 792 10628
55 1 792 10628
56 1 792 10628
57 1 792 10628
58 1 792 10628
59 1 792 10628
60 1 792 10000000000
61 1 792 9200
62 1 792 9200
63 1 792 9200
64 1 792 9200
65 1 792 9200
66 1 792 9200
67 1 792 9200
68 1 792 9200
69 1 792 9200
70 1 792 9200
71 1 792 9200
72 1 792 9200
73 1 792 9200
74 1 792 9200
75 1 792 9200
76 1 792 9200
77 1 792 9200
78 1 792 9200
79 1 792 9200
80 1 792 10000000000
81 1 792 8088
82 1 792 8088
83 1 792 8088
84 1 792 8088
85 1 792 8088
86 1 792 8088
87 1 792 8088
88 1 792 8088
89 1 792 8088
90 1 792 8088
91 1 792 8088
92 1 792 8088
93 1 792 8088
94 1 792 8088
95 1 792 8088
96 1 792 8088
97 1 792 8088
98 1 792 8088
99 1 792 8088
100 1 792 10000000000
101 1 792 7200
102 1 792 7200
103 1 792 7200
104 1 792 7200
105 1 792 7200
106 1 792 7200
107 1 792 7200
108 1 792 7200
109 1 792 7200
110 1 792 7200
111 1 792 7200
112 1 792 7200
113 1 792 7200
114 1 792 7200
115 1 792 7200
116 1 792 7200
117 1 792 7200
118 1 792 7200
119 1 792 7200
120 1 792 10000000000
121 1 792 6472
122 1 792 6472
123 1 792 6472
124 1 792 6472
125 1 792 6472
126 1 792 6472
127 1 792 6472
128 1 792 6472
129 1 792 6472
130 1 792 6472
131 1 792 6472
132 1 792 6472
133 1 792 6472
134 1 792 6472
135 1 792 6472
136 1 792 6472
137 1 792 6472
138 1 792 6472
139 1 792 6472
140 1 792 10000000000
141 1 792 5864
142 1 792 5864
143 1 792 5864
144 1 792 5864
145 1 792 5864
146 1 792 5864
147 1 792 5864
148 1 792 5864
149 1 792 5864
150 1 792 5864
151 1 792 5864
152 1 792 5864
153 1 792 5864
154 1 792 5864
155 1 792 5864
156 1 792 5864
157 1 792 5864
158 1 792 5864
159 1 792 5864
160 1 792 10000000000
161 1 792 5352
162 1 792 5352
163 1 792 5352
164 1 792 5352
165 1 792 5352
166 1 792 5352
167 1 792 5352
168 1 792 5352
169 1 792 5352
170 1 792 5352
171 1 792 5352
172 1 792 5352
173 1 792 5352
174 1 792 5352
175 1 792 5352
176 1 792 5352
177 1 792 5352
178 1 792 5352
179 1 792 5352
180 1 792 10000000000
181 1 792 4912
182 1 792 4912
183 1 792 4912
184 1 792 4912
185 1 792 4912
186 1 792 4912
187 1 792 4912
188 1 792 4912
189 1 792 4912
190 1 792 4912
191 1 792 4912
192 1 792 4912
193 1 792 4912
194 1 792 4912
195 1 792 4912
196 1 792 4912
197 1 792 4912
198 1 792 4912
199 1 792 4912
200 1 792 10000000000
201 1 792 4532
202 1 792 4532
203 1 792 4532
204 1 792 4532
205 1 792 4532
206 1 792 4532
207 1 792 4532
208 1 792 4532
209 1 792 4532
210 1 792 4532
211 1 792 4532
212 1 792 4532
213 1 792 4532
214 1 792 4532
215 1 792 4532
216 1 792 4532
217 1 792 4532
218 1 792 4532
219 1 792 4532
220 1 792 10000000000
221 1 792 4196
222 1 792 4196
223 1 792 4196
224 1 792 4196
225 1 792 4196
226 1 792 4196
227 1 792 4196
228 1 792 4196
229 1 792 4196
230 1 792 4196
231 1 792 4196
232 1 792 4196
233 1 792 4196
234 1 792 4196
235 1 792 4196
236 1 792 4196
237 1 792 4196
238 1 792 4196
239 1 792 4196
240 1 792 10000000000
241 1 792 3904
242 1 792 3904
243 1 792 3904
244 1 792 3904
245 1 792 3904
246 1 792 3904
247 1 792 3904
248 1 792 3904
249 1 792 3904
250 1 792 3904
251 1 792 3904
252 1 792 3904
253 1 792 3904
254 1 792 3904
255 1 792 3904
256 1 792 3904
257 1 792 3904
258 1 792 3904
259 1 792 3904
260 1 792 10000000000
261 1 792 3644
262 1 792 3644
263 1 792 3644
264 1 792 3644
265 1 792 3644
266 1 792 3644
267 1 792 3644
268 1 792 3644
269 1 792 3644
270 1 792 3644
271 1 792 3644
272 1 792 3644
273 1 792 3644
274 1 792 3644
275 1 792 3644
276 1 792 3644
277 1 792 3644
278 1 792 3644
279 1 792 3644
280 1 792 10000000000
281 1 792 3408
282 1 792 3408
283 1 792 3408
284 1 792 3408
285 1 792 3408
286 1 792 3408
287 1 792 3408
288 1 792 3408
289 1 792 3408
290 1 792 3408
291 1 792 3408
292 1 792 3408
293 1 792 3408
294 1 792 3408
295 1 792 3408
296 1 792 3408
297 1 792 3408
298 1 792 3408
299 1 792 3408
300 1 792 10000000000
301 1 792 3196
302 1 792 3196
303 1 792 3196
304 1 792 3196
305 1 792 3196
306 1 792 3196
307 1 792 3196
308 1 792 3196
309 1 792 3196
310 1 792 3196
311 1 792 3196
312 1 792 3196
313 1 792 3196
314 1 792 3196
315 1 792 3196
316 1 792 3196
317 1 792 3196
318 1 792 3196
319 1 792 3196
320 1 792 10000000000
321 1 792 3008
322 1 792 3008
323 1 792 3008
324 1 792 3008
325 1 792 3008
326 1 792 3008
327 1 792 3008
328 1 792 3008
329 1 792 3008
330 1 792 3008
331 1 792 3008
332 1 792 3008
333 1 792 3008
334 1 792 3008
335 1 792 3008
336 1 792 3008
337 1 792 3008
338 1 792 3008
339 1 792 3008
340 1 792 10000000000
341 1 792 2836
342 1 792 2836
343 1 792 2836
344 1 792 2836
345 1 792 2836
346 1 792 2836
347 1 792 2836
348 1 792 2836
349 1 792 2836
350 1 792 2836
351 1 792 2836
352 1 792 2836
353 1 792 2836
354 1 792 2836
355 1 792 2836
356 1 792 2836
357 1 792 2836
358 1 792 2836
359 1 792 2836
360 1 792 10000000000
361 1 792 2676
362 1 792 2676
363 1 792 2676
364 1 792 2676
365 1 792 2676
366 1 792 2676
367 1 792 2676
368 1 792 2676
369 1 792 2676
370 1 792 2676
371 1 792 2676
372 1 792 2676
373 1 792 2676
374 1 792 2676
375 1 792 2676
376 1 792 2676
377 1 792 2676
378 1 792 2676
379 1 792 2676
380 1 792 10000000000
381 1 792 2532
382 1 792 2532
383 1 792 2532
384 1 792 2532
385 1 792 2532
386 1 792 2532
387 1 792 2532
388 1 792 2532
389 1 792 2532
390 1 792 2532
391 1 792 2532
392 1 792 2532
393 1 792 2532
394 1 792 2532
395 1 792 2532
396 1 792 2532
397 1 792 2532
398 1 792 2532
399 1 792 2532
400 1 792 10000000000
401 1 792 2396
402 1 792 2396
403 1 792 2396
404 1 792 2396
405 1 792 2396
406 1 792 2396
407 1 792 2396
408 1 792 2396
409 1 792 2396
410 1 792 2396
411 1 792 2396
412 1 792 2396
413 1 792 2396
414 1 792 2396
415 1 792 2396
416 1 792 2396
417 1 792 2396
418 1 792 2396
419 1 792 2396
420 1 792 10000000000
421 1 792 2276
422 1 792 2276
423 1 792 2276
424 1 792 2276
425 1 792 2276
426 1 792 2276
427 1 792 2276
428 1 792 2276
429 1 792 2276
430 1 792 2276
431 1 792 2276
432 1 792 2276
433 1 792 2276
434 1 792 2276
435 1 792 2276
436 1 792 2276
437 1 792 2276
438 1 792 2276
439 1 792 2276
440 1 792 10000000000
441 1 792 2160
442 1 792 2160
443 1 792 2160
444 1 792 2160
445 1 792 2160
446 1 792 2160
447 1 792 2160
448 1 792 2160
449 1 792 2160
450 1 792 2160
451 1 792 2160
452 1 792 2160
453 1 792 2160
454 1 792 2160
455 1 792 2160
456 1 792 2160
457 1 792 2160
458 1 792 2160
459 1 792 2160
460 1 792 10000000000
461 1 792 2056
462 1 792 2056
463 1 792 2056
464 1 792 2056
465 1 792 2056
466 1 792 2056
467 1 792 2056
468 1 792 2056
469 1 792 2056
470 1 792 2056
471 1 792 2056
472 1 792 2056
473 1 792 2056
474 1 792 2056
475 1 792 2056
476 1 792 2056
477 1 792 2056
478 1 792 2056
479 1 792 2056
480 1 792 10000000000
481 1 792 1956
482 1 792 1956
483 1 792 1956
484 1 792 1956
485 1 792 1956
486 1 792 1956
487 1 792 1956
488 1 792 1956
489 1 792 1956
490 1 792 1956
491 1 792 1956
492 1 792 1956
493 1 792 1956
494 1 792 1956
495 1 792 1956
496 1 792 1956
497 1 792 1956
498 1 792 1956
499 1 792 1956
500 1 792 10000000000
501 1 792 1864
502 1 792 1864
503 1 792 1864
504 1 792 1864
505 1 792 1864
506 1 792 1864
507 1 792 1864
508 1 792 1864
509 1 792 1864
510 1 792 1864
511 1 792 1864
512 1 792 1864
513 1 792 1864
514 1 792 1864
515 1 792 1864
516 1 792 1864
517 1 792 1864
518 1 792 1864
519 1 792 1864
520 1 792 10000000000
521 1 792 1780
522 1 792 1780
523 1 792 1780
524 1 792 1780
525 1 792 1780
526 1 792 1780
527 1 792 1780
528 1 792 1780
529 1 792 1780
530 1 792 1780
531 1 792 1780
532 1 792 1780
533 1 792 1780
534 1 792 1780
535 1 792 1780
536 1 792 1780
537 1 792 1780
538 1 792 1780
539 1 792 1780
540 1 792 10000000000
541 1 792 1696
542 1 792 1696
543 1 792 1696
544 1 792 1696
545 1 792 1696
546 1 792 1696
547 1 792 1696
548 1 792 1696
549 1 792 1696
550 1 792 1696
551 1 792 1696
552 1 792 1696
553 1 792 1696
554 1 792 1696
555 1 792 1696
556 1 792 1696
557 1 792 1696
558 1 792 1696
559 1 792 1696
560 1 792 10000000000
561 1 792 1624
562 1 792 1624
563 1 792 1624
564 1 792 1624
565 1 792 1624
566 1 792 1624
567 1 792 1624
568 1 792 1624
569 1 792 1624
570 1 792 1624
571 1 792 1624
572 1 792 1624
573 1 792 1624
574 1 792 1624
575 1 792 1624
576 1 792 1624
577 1 792 1624
578 1 792 1624
579 1 792 1624
580 1 792 10000000000
581 1 792 1552
582 1 792 1552
583 1 792 1552
584 1 792 1552
585 1 792 1552
586 1 792 1552
587 1 792 1552
588 1 792 1552
589 1 792 1552
590 1 792 1552
591 1 792 1552
592 1 792 1552
593 1 792 1552
594 1 792 1552
595 1 792 1552
596 1 792 1552
597 1 792 1552
598 1 792 1552
599 1 792 1552
600 1 792 10000000000
601 1 792 1484
602 1 792 1484
603 1 792 1484
604 1 792 1484
605 1 792 1484
606 1 792 1484
607 1 792 1484
608 1 792 1484
609 1 792 1484
610 1 792 1484
611 1 792 1484
612 1 792 1484
613 1 792 1484
614 1 792 1484
615 1 792 1484
616 1 792 1484
617 1 792 1484
618 1 792 1484
619 1 792 1484
620 1 792 10000000000
621 1 792 1420
622 1 792 1420
623 1 792 1420
624 1 792 1420
625 1 792 1420
626 1 792 1420
627 1 792 1420
628 1 792 1420
629 1 792 1420
630 1 792 1420
631 1 792 1420
632 1 792 1420
633 1 792 1420
634 1 792 1420
635 1 792 1420
636 1 792 1420
637 1 792 1420
638 1 792 1420
639 1 792 1420
640 1 792 10000000000
641 1 792 1360
642 1 792 1360
643 1 792 1360
644 1 792 1360
645 1 792 1360
646 1 792 1360
647 1 792 1360
648 1 792 1360
649 1 792 1360
650 1 792 1360
651 1 792 1360
652 1 792 1360
653 1 792 1360
654 1 792 1360
655 1 792 1360
656 1 792 1360
657 1 792 1360
658 1 792 1360
659 1 792 1360
660 1 792 10000000000
661 1 792 1304
662 1 792 1304
663 1 792 1304
664 1 792 1304
665 1 792 1304
666 1 792 1304
667 1 792 1304
668 1 792 1304
669 1 792 1304
670 1 792 1304
671 1 792 1304
672 1 792 1304
673 1 792 1304
674 1 792 1304
675 1 792 1304
676 1 792 1304
677 1 792 1304
678 1 792 1304
679 1 792 1304
680 1 792 10000000000
681 1 792 1248
682 1 792 1248
683 1 792 1248
684 1 792 1248
685 1 792 1248
686 1 792 1248
687 1 792 1248
688 1 792 1248
689 1 792 1248
690 1 792 1248
691 1 792 1248
692 1 792 1248
693 1 792 1248
694 1 792 1248
695 1 792 1248
696 1 792 1248
697 1 792 1248
698 1 792 1248
699 1 792 1248
700 1 792 10000000000
701 1 792 1196
702 1 792 1196
703 1 792 1196
704 1 792 1196
705 1 792 1196
706 1 792 1196
707 1 792 1196
708 1 792 1196
709 1 792 1196
710 1 792 1196
711 1 792 1196
712 1 792 1196
713 1 792 1196
714 1 792 1196
715 1 792 1196
716 1 792 1196
717 1 792 1196
718 1 792 1196
719 1 792 1196
720 1 792 10000000000
721 1 792 1148
722 1 792 1148
723 1 792 1148
724 1 792 1148
725 1 792 1148
726 1 792 1148
727 1 792 1148
728 1 792 1148
729 1 792 1148
730 1 792 1148
731 1 792 1148
732 1 792 1148
733 1 792 1148
734 1 792 1148
735 1 792 1148
736 1 792 1148
737 1 792 1148
738 1 792 1148
739 1 792 1148
740 1 792 10000000000
741 1 792 1104
742 1 792 1104
743 1 792 1104
744 1 792 1104
745 1 792 1104
746 1 792 1104
747 1 792 1104
748 1 792 1104
749 1 792 1104
750 1 792 1104
751 1 792 1104
752 1 792 1104
753 1 792 1104
754 1 792 1104
755 1 792 1104
756 1 792 1104
757 1 792 1104
758 1 792 1104
759 1 792 1104
760 1 792 10000000000
761 1 792 1060
762 1 792 1060
763 1 792 1060
764 1 792 1060
765 1 792 1060
766 1 792 1060
767 1 792 1060
768 1 792 1060
769 1 792 1060
770 1 792 1060
771 1 792 1060
772 1 792 1060
773 1 792 1060
774 1 792 1060
775 1 792 1060
776 1 792 1060
777 1 792 1060
778 1 792 1060
779 1 792 1060
780 1 792 10000000000
781 1 792 1016
782 1 792 1016
783 1 792 1016
784 1 792 1016
785 1 792 1016
786 1 792 1016
787 1 792 1016
788 1 792 1016
789 1 792 1016
790 1 792 1016
791 1 792 1016
792 1 792 1016
793 1 792 1016
794 1 792 1016
795 1 792 1016
796 1 792 1016
797 1 792 1016
798 1 792 1016
799 1 792 1016
800 1 792 10000000000
801 1 792 976
802 1 792 976
803 1 792 976
804 1 792 976
805 1 792 976
806 1 792 976
807 1 792 976
808 1 792 976
809 1 792 976
810 1 792 976
811 1 792 976
812 1 792 976
813 1 792 976
814 1 792 976
815 1 792 976
816 1 792 976
817 1 792 976
818 1 792 976
819 1 792 976
820 1 792 10000000000
821 1 792 936
822 1 792 936
823 1 792 936
824 1 792 936
825 1 792 936
826 1 792 936
827 1 792 936
828 1 792 936
829 1 792 936
830 1 792 936
831 1 792 936
832 1 792 936
833 1 792 936
834 1 792 936
835 1 792 936
836 1 792 936
837 1 792 936
838 1 792 936
839 1 792 936
840 1 792 10000000000
841 1 792 900
842 1 792 900
843 1 792 900
844 1 792 900
845 1 792 900
846 1 792 900
847 1 792 900
848 1 792 900
849 1 792 900
850 1 792 900
851 1 792 900
852 1 792 900
853 1 792 900
854 1 792 900
855 1 792 900
856 1 792 900
857 1 792 900
858 1 792 900
859 1 792 900
860 1 792 10000000000
861 1 792 864
862 1 792 864
863 1 792 864
864 1 792 864
865 1 792 864
866 1 792 864
867 1 792 864
868 1 792 864
869 1 792 864
870 1 792 864
871 1 792 864
872 1 792 864
873 1 792 864
874 1 792 864
875 1 792 864
876 1 792 864
877 1 792 864
878 1 792 864
879 1 792 864
880 1 792 10000000000
881 1 792 832
882 1 792 832
883 1 792 832
884 1 792 832
885 1 792 832
886 1 792 832
887 1 792 832
888 1 792 832
889 1 792 832
890 1 792 832
891 1 792 832
892 1 792 832
893 1 792 832
894 1 792 832
895 1 792 832
896 1 792 832
897 1 792 832
898 1 792 832
899 1 792 832
900 1 792 10000000000
901 1 792 800
902 1 792 800
903 1 792 800
904 1 792 800
905 1 792 800
906 1 792 800
907 1 792 800
908 1 792 800
909 1 792 800
910 1 792 800
911 1 792 800
912 1 792 800
913 1 792 800
914 1 792 800
915 1 792 800
916 1 792 800
917 1 792 800
918 1 792 800
919 1 792 800
920 1 792 10000000000
921 1 792 768
922 1 792 768
923 1 792 768
924 1 792 768
925 1 792 768
926 1 792 768
927 1 792 768
928 1 792 768
929 1 792 768
930 1 792 768
931 1 792 768
932 1 792 768
933 1 792 768
934 1 792 768
935 1 792 768
936 1 792 768
937 1 792 768
938 1 792 768
939 1 792 768
940 1 792 10000000000
941 1 792 736
942 1 792 736
943 1 792 736
944 1 792 736
945 1 792 736
946 1 792 736
947 1 792 736
948 1 792 736
949 1 792 736
950 1 792 736
951 1 792 736
952 1 792 736
953 1 792 736
954 1 792 736
955 1 792 736
956 1 792 736
957 1 792 736
958 1 792 736
959 1 792 736
960 1 792 10000000000
961 1 792 708
962 1 792 708
963 1 792 708
964 1 792 708
965 1 792 708
966 1 792 708
967 1 792 708
968 1 792 708
969 1 792 708
970 1 792 708
971 1 792 708
972 1 792 708
973 1 792 708
974 1 792 708
975 1 792 708
976 1 792 708
977 1 792 708
978 1 792 708
979 1 792 708
980 1 792 10000000000
981 1 792 680
982 1 792 680
983 1 792 680
984 1 792 680
985 1 792 680
986 1 792 680
987 1 792 680
988 1 792 680
989 1 792 680
990 1 792 680
991 1 792 680
992 1 792 680
993 1 792 680
994 1 792 680
995 1 792 680
996 1 792 680
997 1 792 680
998 1 792 680
999 1 792 680
1000 1 792 10000000000
1001 1 792 652
1002 1 792 652
1003 1 792 652
1004 1 792 652
1005 1 792 652
1006 1 792 652
1007 1 792 652
1008 1 792 652
1009 1 792 652
1010 1 792 652
1011 1 792 652
1012 1 792 652
1013 1 792 652
1014 1 792 652
1015 1 792 652
1016 1 792 652
1017 1 792 652
1018 1 792 652
1019 1 792 652
1020 1 792 10000000000
1021 1 792 628
1022 1 792 628
1023 1 792 628
1024 1 792 628
1025 1 792 628
1026 1 792 628
1027 1 792 628
1028 1 792 628
1029 1 792 628
1030 1 792 628
1031 1 792 628
1032 1 792 628
1033 1 792 628
1034 1 792 628
1035 1 792 628
1036 1 792 628
1037 1 792 628
1038 1 792 628
1039 1 792 628
1040 1 792 10000000000
1041 1 792 600
1042 1 792 600
1043 1 792 600
1044 1 792 600
1045 1 792 600
1046 1 792 600
1047 1 792 600
1048 1 792 600
1049 1 792 600
1050 1 792 600
1051 1 792 600
1052 1 792 600
1053 1 792 600
1054 1 792 600
1055 1 792 600
1056 1 792 600
1057 1 792 600
1058 1 792 600
1059 1 792 600
1060 1 792 10000000000
1061 1 792 576
1062 1 792 576
1063 1 792 576
1064 1 792 576
1065 1 792 576
1066 1 792 576
1067 1 792 576
1068 1 792 576
1069 1 792 576
1070 1 792 576
1071 1 792 576
1072 1 792 576
1073 1 792 576
1074 1 792 576
1075 1 792 576
1076 1 792 576
1077 1 792 576
1078 1 792 576
1079 1 792 576
1080 1 792 10000000000
1081 1 792 552
1082 1 792 552
1083 1 792 552
1084 1 792 552
1085 1 792 552
1086 1 792 552
1087 1 792 552
1088 1 792 552
1089 1 792 552
1090 1 792 552
1091 1 792 552
1092 1 792 552
1093 1 792 552
1094 1 792 552
1095 1 792 552
1096 1 792 552
1097 1 792 552
1098 1 792 552
1099 1 792 552
1100 1 792 10000000000
1101 1 792 532
1102 1 792 532
1103 1 792 532
1104 1 792 532
1105 1 792 532
1106 1 792 532
1107 1 792 532
1108 1 792 532
1109 1 792 532
1110 1 792 532
1111 1 792 532
1112 1 792 532
1113 1 792 532
1114 1 792 532
1115 1 792 532
1116 1 792 532
1117 1 792 532
1118 1 792 532
1119 1 792 532
1120 1 792 10000000000
1121 1 792 508
1122 1 792 508
1123 1 792 508
1124 1 792 508
1125 1 792 508
1126 1 792 508
1127 1 792 508
1128 1 792 508
1129 1 792 508
1130 1 792 508
1131 1 792 508
1132 1 792 508
1133 1 792 508
1134 1 792 508
1135 1 792 508
1136 1 792 508
1137 1 792 508
1138 1 792 508
1139 1 792 508
1140 1 792 10000000000
1141 1 792 488
1142 1 792 488
1143 1 792 488
1144 1 792 488
1145 1 792 488
1146 1 792 488
1147 1 792 488
1148 1 792 488
1149 1 792 488
1150 1 792 488
1151 1 792 488
1152 1 792 488
1153 1 792 488
1154 1 792 488
1155 1 792 488
1156 1 792 488
1157 1 792 488
1158 1 792 488
1159 1 792 488
1160 1 792 10000000000
1161 1 792 468
1162 1 792 468
1163 1 792 468
1164 1 792 468
1165 1 792 468
1166 1 792 468
1167 1 792 468
1168 1 792 468
1169 1 792 468
1170 1 792 468
1171 1 792 468
1172 1 792 468
1173 1 792 468
1174 1 792 468
1175 1 792 468
1176 1 792 468
1177 1 792 468
1178 1 792 468
1179 1 792 468
1180 1 792 10000000000
1181 1 792 448
1182 1 792 448
1183 1 792 448
1184 1 792 448
1185 1 792 448
1186 1 792 448
1187 1 792 448
1188 1 792 448
1189 1 792 448
1190 1 792 448
1191 1 792 448
1192 1 792 448
1193 1 792 448
1194 1 792 448
1195 1 792 448
1196 1 792 448
1197 1 792 448
1198 1 792 448
1199 1 792 448
1200 1 792 10000000000
1201 1 792 428
1202 1 792 428
1203 1 792 428
1204 1 792 428
1205 1 792 428
1206 1 792 428
1207 1 792 428
1208 1 792 428
1209 1 792 428
1210 1 792 428
1211 1 792 428
1212 1 792 428
1213 1 792 428
1214 1 792 428
1215 1 792 428
1216 1 792 428
1217 1 792 428
1218 1 792 428
1219 1 792 428
1220 1 792 10000000000
1221 1 792 412
1222 1 792 412
1223 1 792 412
1224 1 792 412
1225 1 792 412
1226 1 792 412
1227 1 792 412
1228 1 792 412
1229 1 792 412
1230 1 792 412
1231 1 792 412
1232 1 792 412
1233 1 792 412
1234 1 792 412
1235 1 792 412
1236 1 792 412
1237 1 792 412
1238 1 792 412
1239 1 792 412
1240 1 792 10000000000
1241 1 792 392
1242 1 792 392
1243 1 792 392
1244 1 792 392
1245 1 792 392
1246 1 792 392
1247 1 792 392
1248 1 792 392
1249 1 792 392
1250 1 792 392
1251 1 792 392
1252 1 792 392
1253 1 792 392
1254 1 792 392
1255 1 792 392
1256 1 792 392
1257 1 792 392
1258 1 792 392
1259 1 792 392
1260 1 792 10000000000
1261 1 792 376
1262 1 792 376
1263 1 792 376
1264 1 792 376
1265 1 792 376
1266 1 792 376
1267 1 792 376
1268 1 792 376
1269 1 792 376
1270 1 792 376
1271 1 792 376
1272 1 792 376
1273 1 792 376
1274 1 792 376
1275 1 792 376
1276 1 792 376
1277 1 792 376
1278 1 792 376
1279 1 792 376
1280 1 792 10000000000
1281 1 792 356
1282 1 792 356
1283 1 792 356
1284 1 792 356
1285 1 792 356
1286 1 792 356
1287 1 792 356
1288 1 792 356
1289 1 792 356
1290 1 792 356
1291 1 792 356
1292 1 792 356
1293 1 792 356
1294 1 792 356
1295 1 792 356
1296 1 792 356
1297 1 792 356
1298 1 792 356
1299 1 792 356
1300 1 792 10000000000
1301 1 792 340
1302 1 792 340
1303 1 792 340
1304 1 792 340
1305 1 792 340
1306 1 792 340
1307 1 792 340
1308 1 792 340
1309 1 792 340
1310 1 792 340
1311 1 792 340
1312 1 792 340
1313 1 792 340
1314 1 792 340
1315 1 792 340
1316 1 792 340
1317 1 792 340
1318 1 792 340
1319 1 792 340
1320 1 792 10000000000
1321 1 792 324
1322 1 792 324
1323 1 792 324
1324 1 792 324
1325 1 792 324
1326 1 792 324
1327 1 792 324
1328 1 792 324
1329 1 792 324
1330 1 792 324
1331 1 792 324
1332 1 792 324
1333 1 792 324
1334 1 792 324
1335 1 792 324
1336 1 792 324
1337 1 792 324
1338 1 792 324
1339 1 792 324
1340 1 792 10000000000
1341 1 792 308
1342 1 792 308
1343 1 792 308
1344 1 792 308
1345 1 792 308
1346 1 792 308
1347 1 792 308
1348 1 792 308
1349 1 792 308
1350 1 792 308
1351 1 792 308
1352 1 792 308
1353 1 792 308
1354 1 792 308
1355 1 792 308
1356 1 792 308
1357 1 792 308
1358 1 792 308
1359 1 792 308
1360 1 792 10000000000
1361 1 792 292
1362 1 792 292
1363 1 792 292
1364 1 792 292
1365 1 792 292
1366 1 792 292
1367 1 792 292
1368 1 792 292
1369 1 792 292
1370 1 792 292
1371 1 792 292
1372 1 792 292
1373 1 792 292
1374 1 792 292
1375 1 792 292
1376 1 792 292
1377 1 792 292
1378 1 792 292
1379 1 792 292
1380 1 792 10000000000
1381 1 792 280
1382 1 792 280
1383 1 792 280
1384 1 792 280
1385 1 792 280
1386 1 792 280
1387 1 792 280
1388 1 792 280
1389 1 792 280
1390 1 792 280
1391 1 792 280
1392 1 792 280
1393 1 792 280
1394 1 792 280
1395 1 792 280
1396 1 792 280
1397 1 792 280
1398 1 792 280
1399 1 792 280
1400 1 792 10000000000
1401 1 792 264
1402 1 792 264
1403 1 792 264
1404 1 792 264
1405 1 792 264
1406 1 792 264
1407 1 792 264
1408 1 792 264
1409 1 792 264
1410 1 792 264
1411 1 792 264
1412 1 792 264
1413 1 792 264
1414 1 792 264
1415 1 792 264
1416 1 792 264
1417 1 792 264
1418 1 792 264
1419 1 792 264
1420 1 792 10000000000
1421 1 792 252
1422 1 792 252
1423 1 792 252
1424 1 792 252
1425 1 792 252
1426 1 792 252
1427 1 792 252
1428 1 792 252
1429 1 792 252
1430 1 792 252
1431 1 792 252
1432 1 792 252
1433 1 792 252
1434 1 792 252
1435 1 792 252
1436 1 792 252
1437 1 792 252
1438 1 792 252
1439 1 792 252
1440 1 792 10000000000
1441 1 792 236
1442 1 792 236
1443 1 792 236
1444 1 792 236
1445 1 792 236
1446 1 792 236
1447 1 792 236
1448 1 792 236
1449 1 792 236
1450 1 792 236
1451 1 792 236
1452 1 792 236
1453 1 792 236
1454 1 792 236
1455 1 792 236
1456 1 792 236
1457 1 792 236
1458 1 792 236
1459 1 792 236
1460 1 792 10000000000
1461 1 792 224
1462 1 792 224
1463 1 792 224
1464 1 792 224
1465 1 792 224
1466 1 792 224
1467 1 792 224
1468 1 792 224
1469 1 792 224
1470 1 792 224
1471 1 792 224
1472 1 792 224
1473 1 792 224
1474 1 792 224
1475 1 792 224
1476 1 792 224
1477 1 792 224
1478 1 792 224
1479 1 792 224
1480 1 792 10000000000
1481 1 792 212
1482 1 792 212
1483 1 792 212
1484 1 792 212
1485 1 792 212
1486 1 792 212
1487 1 792 212
1488 1 792 212
1489 1 792 212
1490 1 792 212
1491 1 792 212
1492 1 792 212
1493 1 792 212
1494 1 792 212
1495 1 792 212
1496 1 792 212
1497 1 792 212
1498 1 792 212
1499 1 792 212
1500 1 792 10000000000
1501 1 792 200
1502 1 792 200
1503 1 792 200
1504 1 792 200
1505 1 792 200
1506 1 792 200
1507 1 792 200
1508 1 792 200
1509 1 792 200
1510 1 792 200
1511 1 792 200
1512 1 792 200
1513 1 792 200
1514 1 792 200
1515 1 792 200
1516 1 792 200
1517 1 792 200
1518 1 792 200
1519 1 792 200
1520 1 792 10000000000
1521 1 792 184
1522 1 792 184
1523 1 792 184
1524 1 792 184
1525 1 792 184
1526 1 792 184
1527 1 792 184
1528 1 792 184
1529 1 792 184
1530 1 792 184
1531 1 792 184
1532 1 792 184
1533 1 792 184
1534 1 792 184
1535 1 792 184
1536 1 792 184
1537 1 792 184
1538 1 792 184
1539 1 792 184
1540 1 792 10000000000
1541 1 792 172
1542 1 792 172
1543 1 792 172
1544 1 792 172
1545 1 792 172
1546 1 792 172
1547 1 792 172
1548 1 792 172
1549 1 792 172
1550 1 792 172
1551 1 792 172
1552 1 792 172
1553 1 792 172
1554 1 792 172
1555 1 792 172
1556 1 792 172
1557 1 792 172
1558 1 792 172
1559 1 792 172
1560 1 792 10000000000
1561 1 792 160
1562 1 792 160
1563 1 792 160
1564 1 792 160
1565 1 792 160
1566 1 792 160
1567 1 792 160
1568 1 792 160
1569 1 792 160
1570 1 792 160
1571 1 792 160
1572 1 792 160
1573 1 792 160
1574 1 792 160
1575 1 792 160
1576 1 792 160
1577 1 792 160
1578 1 792 160
1579 1 792 160
1580 1 792 10000000000
1581 1 792 152
1582 1 792 152
1583 1 792 152
1584 1 792 152
1585 1 792 152
1586 1 792 152
1587 1 792 152
1588 1 792 152
1589 1 792 152
1590 1 792 152
1591 1 792 152
1592 1 792 152
1593 1 792 152
1594 1 792 152
1595 1 792 152
1596 1 792 152
1597 1 792 152
1598 1 792 152
1599 1 792 152
1600 1 792 10000000000
1601 1 792 140
1602 1 792 140
1603 1 792 140
1604 1 792 140
1605 1 792 140
1606 1 792 140
1607 1 792 140
1608 1 792 140
1609 1 792 140
1610 1 792 140
1611 1 792 140
1612 1 792 140
1613 1 792 140
1614 1 792 140
1615 1 792 140
1616 1 792 140
1617 1 792 140
1618 1 792 140
1619 1 792 140
1620 1 792 10000000000
1621 1 792 128
1622 1 792 128
1623 1 792 128
1624 1 792 128
1625 1 792 128
1626 1 792 128
1627 1 792 128
1628 1 792 128
1629 1 792 128
1630 1 792 128
1631 1 792 128
1632 1 792 128
1633 1 792 128
1634 1 792 128
1635 1 792 128
1636 1 792 128
1637 1 792 128
1638 1 792 128
1639 1 792 128
1640 1 792 10000000000
1641 1 792 116
1642 1 792 116
1643 1 792 116
1644 1 792 116
1645 1 792 116
1646 1 792 116
1647 1 792 116
1648 1 792 116
1649 1 792 116
1650 1 792 116
1651 1 792 116
1652 1 792 116
1653 1 792 116
1654 1 792 116
1655 1 792 116
1656 1 792 116
1657 1 792 116
1658 1 792 116
1659 1 792 116
1660 1 792 10000000000
1661 1 792 108
1662 1 792 108
1663 1 792 108
1664 1 792 108
1665 1 792 108
1666 1 792 108
1667 1 792 108
1668 1 792 108
1669 1 792 108
1670 1 792 108
1671 1 792 108
1672 1 792 108
1673 1 792 108
1674 1 792 108
1675 1 792 108
1676 1 792 108
1677 1 792 108
1678 1 792 108
1679 1 792 108
1680 1 792 10000000000
1681 1 792 96
1682 1 792 96
1683 1 792 96
1684 1 792 96
1685 1 792 96
1686 1 792 96
1687 1 792 96
1688 1 792 96
1689 1 792 96
1690 1 792 96
1691 1 792 96
1692 1 792 96
1693 1 792 96
1694 1 792 96
1695 1 792 96
1696 1 792 96
1697 1 792 96
1698 1 792 96
1699 1 792 96
1700 1 792 10000000000
1701 1 792 88
1702 1 792 88
1703 1 792 88
1704 1 792 88
1705 1 792 88
1706 1 792 88
1707 1 792 88
1708 1 792 88
1709 1 792 88
1710 1 792 88
1711 1 792 88
1712 1 792 88
1713 1 792 88
1714 1 792 88
1715 1 792 88
1716 1 792 88
1717 1 792 88
1718 1 792 88
1719 1 792 88
1720 1 792 10000000000
1721 1 792 76
1722 1 792 76
1723 1 792 76
1724 1 792 76
1725 1 792 76
1726 1 792 76
1727 1 792 76
1728 1 792 76
1729 1 792 76
1730 1 792 76
1731 1 792 76
1732 1 792 76
1733 1 792 76
1734 1 792 76
1735 1 792 76
1736 1 792 76
1737 1 792 76
1738 1 792 76
1739 1 792 76
1740 1 792 10000000000
1741 1 792 68
1742 1 792 68
1743 1 792 68
1744 1 792 68
1745 1 792 68
1746 1 792 68
1747 1 792 68
1748 1 792 68
1749 1 792 68
1750 1 792 68
1751 1 792 68
1752 1 792 68
1753 1 792 68
1754 1 792 68
1755 1 792 68
1756 1 792 68
1757 1 792 68
1758 1 792 68
1759 1 792 68
1760 1 792 10000000000
1761 1 792 60
1762 1 792 60
1763 1 792 60
1764 1 792 60
1765 1 792 60
1766 1 792 60
1767 1 792 60
1768 1 792 60
1769 1 792 60
1770 1 792 60
1771 1 792 60
1772 1 792 60
1773 1 792 60
1774 1 792 60
1775 1 792 60
1776 1 792 60
1777 1 792 60
1778 1 792 60
1779 1 792 60
1780 1 792 10000000000
1781 1 792 48
1782 1 792 48
1783 1 792 48
1784 1 792 48
1785 1 792 48
1786 1 792 48
1787 1 792 48
1788 1 792 48
1789 1 792 48
1790 1 792 48
1791 1 792 48
1792 1 792 48
1793 1 792 48
1794 1 792 48
1795 1 792 48
1796 1 792 48
1797 1 792 48
1798 1 792 48
1799 1 792 48
1800 1 792 10000000000
1801 1 792 40
1802 1 792 40
1803 1 792 40
1804 1 792 40
1805 1 792 40
1806 1 792 40
1807 1 792 40
1808 1 792 40
1809 1 792 40
1810 1 792 40
1811 1 792 40
1812 1 792 40
1813 1 792 40
1814 1 792 40
1815 1 792 40
1816 1 792 40
1817 1 792 40
1818 1 792 40
1819 1 792 40
